  -1.6969649919721412e+01
  -2.4459676882645393e+01
  -5.5550578463143436e+00
   1.9528423541942075e+01
   2.3390518326825834e+01
   1.8350827683341604e+00
  -2.1630656100726966e+01
  -2.1621963078995961e+01
   1.8431671393004641e+00
   2.3506576002260928e+01
   1.9632028895530574e+01
  -5.6856842152193998e+00
  -2.4679879011080935e+01
  -1.6819419660991453e+01
   9.4450688895948769e+00
   2.5430647443868704e+01
   1.3630344916068312e+01
  -1.2651318243978389e+01
  -2.5343460628664573e+01
  -1.0430273911747442e+01
   1.5834454434582709e+01
   2.4669720863220128e+01
   6.8311458578531665e+00
  -1.8477407370848042e+01
  -2.3990596991897487e+01
  -3.2388617074600186e+00
   2.0861937073145629e+01
   2.2166026879758974e+01
  -4.8389432980476105e-01
  -2.2445153062843907e+01
  -2.0129865948763687e+01
   4.2836496835541880e+00
   2.4055137581335423e+01
   1.7780572721031319e+01
  -7.8394387793781304e+00
  -2.4978626262921363e+01
  -1.4852426026185253e+01
   1.1112407519894433e+01
   2.5171413114948852e+01
   1.1945673310036495e+01
  -1.4360028305060771e+01
  -2.5095668283891090e+01
  -8.3465553361529636e+00
   1.7118072878677079e+01
   2.4285984966316732e+01
   4.8155088224811076e+00
  -1.9843360583301070e+01
  -2.2880613807873736e+01
  -9.7491791847209430e-01
   2.2018832866953286e+01
   2.1239261352892285e+01
  -2.5124856555197441e+00
  -2.3865125023362559e+01
  -1.9011105090732897e+01
   6.3785676596348306e+00
   2.4797966519087172e+01
   1.6094431510105206e+01
  -1.0093755676818331e+01
  -2.5258077515125709e+01
  -1.3172673345976467e+01
   1.3306278313369544e+01
   2.5213064989976253e+01
   9.6225599057115421e+00
  -1.6374832194599843e+01
  -2.4693197557777800e+01
  -6.1221109586439617e+00
   1.9117719910662828e+01
   2.3725382650094367e+01
   2.2624905475331376e+00
  -2.1349935561034798e+01
  -2.1547615104802638e+01
   1.5257441996429897e+00
   2.2903118435905132e+01
   1.9768468344998809e+01
  -5.0290417069988687e+00
  -2.4077768317534645e+01
  -1.7162071300827130e+01
   8.5357409793747525e+00
   2.4975481595846354e+01
   1.4405413765339537e+01
  -1.1807441348778157e+01
  -2.5160353984511751e+01
  -1.1023467492693317e+01
   1.4792767608604015e+01
   2.4796452873806260e+01
   7.9502897737124698e+00
  -1.7814776789911509e+01
  -2.4055239853799232e+01
  -4.2821490103504178e+00
   2.0544480221590351e+01
   2.2855483777700474e+01
   4.5264683141463752e-01
  -2.2331718552057005e+01
  -2.1061989286773070e+01
   3.4142433492864614e+00
   2.3960564673565734e+01
   1.8453425943341436e+01
  -7.0019816346497361e+00
  -2.4867513177867416e+01
  -1.5934111670428207e+01
   1.0636926967455031e+01
   2.5435577931681010e+01
   1.2644617084089305e+01
  -1.3943787851560460e+01
  -2.5369413482457567e+01
  -9.1335070737540356e+00
   1.6987859631240557e+01
   2.4499943111398011e+01
   5.4924925440895516e+00
  -1.9447058367083756e+01
  -2.3074984413410242e+01
  -1.5893380568134357e+00
   2.1712891910107224e+01
   2.1347502378086908e+01
  -1.8200445407135648e+00
  -2.3276354366730057e+01
  -1.8992346532676418e+01
   6.0279386694680763e+00
   2.4321279096087824e+01
   1.6780832481975594e+01
  -9.0763519381719746e+00
  -2.5133827368949508e+01
  -1.3688813969335895e+01
   1.2560196430714386e+01
   2.5045607414275239e+01
   1.0549073592073626e+01
  -1.5681227178543960e+01
  -2.4806438487347567e+01
  -7.0159915462653268e+00
   1.8414517243168117e+01
   2.3819687829838884e+01
   3.2689001634911308e+00
  -2.0746171253682054e+01
  -2.2277492737077605e+01
   3.2315019588382188e-01
   2.2488873361698484e+01
   2.0552877068181324e+01
  -4.1178475904150940e+00
  -2.4146928042772796e+01
  -1.7991814197728075e+01
   8.0340178654934356e+00
   2.5058183406007203e+01
   1.5181878428575869e+01
  -1.1288404900939064e+01
  -2.5343491371546090e+01
  -1.1990098834573592e+01
   1.4618885149550373e+01
   2.5185863544440217e+01
   8.3559953347389015e+00
  -1.7584893115089120e+01
  -2.4266140545074677e+01
  -4.7789510905608585e+00
   2.0165435872624656e+01
   2.3209137982630214e+01
   1.0025525839818508e+00
  -2.2092786890383273e+01
  -2.1083672702202520e+01
   2.7578229617999255e+00
   2.3595687329493270e+01
   1.8853174112985933e+01
  -6.6816250185557209e+00
  -2.4802856392411837e+01
  -1.6010898585422265e+01
   9.9868404027543356e+00
   2.5333565975624264e+01
   1.3099778634992170e+01
  -1.3194084306064154e+01
  -2.4955837020723830e+01
  -9.7919931974059899e+00
   1.6216163711497096e+01
   2.4610314895421350e+01
   6.1514307214292892e+00
  -1.8684733974400221e+01
  -2.3486974698266959e+01
  -2.6937810368539878e+00
   2.1071177719182447e+01
   2.2043669597622753e+01
  -9.4821696840636527e-01
  -2.2850547268377248e+01
  -1.9902814546740146e+01
   4.6161491108680552e+00
   2.4310739154477744e+01
   1.7341014192298768e+01
  -8.2158228041774066e+00
  -2.5089828539400987e+01
  -1.4492577580384957e+01
   1.1918152678957526e+01
   2.5331659624234142e+01
   1.1390452133102256e+01
  -1.5071657297564997e+01
  -2.5179186108790475e+01
  -7.9049199007899400e+00
   1.7983926348929291e+01
   2.4037364255213209e+01
   4.0838705928899479e+00
  -2.0470114238655388e+01
  -2.2679221791784542e+01
  -3.0923540310083764e-01
   2.2456038671089086e+01
   2.0767697555700011e+01
  -3.4088383808039793e+00
  -2.3782480762191806e+01
  -1.8279178310730217e+01
   7.2759594363466960e+00
   2.4955669142589642e+01
   1.5476778936017725e+01
  -1.0606267304679804e+01
  -2.5146844106373347e+01
  -1.2315735604110316e+01
   1.4010209834872452e+01
   2.5158547243395336e+01
   9.1343872973642757e+00
  -1.6831881286502778e+01
  -2.4450691879574475e+01
  -5.4252384802455458e+00
   1.9332166971408203e+01
   2.3245388702046991e+01
   1.9747027300222655e+00
  -2.1448273950113077e+01
  -2.1467407331496446e+01
   1.6969619282172312e+00
   2.3290348889320079e+01
   1.9306738084292057e+01
  -5.5044694280730795e+00
  -2.4255129519099100e+01
  -1.6809621313964001e+01
   8.8814496804428860e+00
   2.5292107831955953e+01
   1.3943355299661901e+01
  -1.2461209617445071e+01
  -2.5242466286137123e+01
  -1.0660946344312961e+01
   1.5743145752583542e+01
   2.4969982368839066e+01
   7.2026445325290105e+00
  -1.8586007801671574e+01
  -2.3959786254285465e+01
  -3.5162406942263980e+00
   2.0825511267783028e+01
   2.2437861369292094e+01
  -5.2018439577213571e-01
  -2.2858578951379705e+01
  -2.0248433173297915e+01
   4.2638122710760298e+00
   2.4315829596490797e+01
   1.7949876788423406e+01
  -7.9185745029783412e+00
  -2.4998919797769734e+01
  -1.4786723709074350e+01
   1.1154777273048330e+01
   2.5293401997648253e+01
   1.1667349640917040e+01
  -1.4513565065132923e+01
  -2.5052859224022018e+01
  -8.1725232703551924e+00
   1.7339009929558404e+01
   2.4268297703625972e+01
   4.7329921722616861e+00
  -1.9882035957929464e+01
  -2.2813083553673799e+01
  -1.1232431664987474e+00
   2.1960073203030579e+01
   2.1132187956195512e+01
  -2.5719837462503397e+00
  -2.3406870976874359e+01
  -1.8711937259989792e+01
   6.1549105950334617e+00
   2.4418732314121179e+01
   1.6194983374417646e+01
  -9.8135425472578195e+00
  -2.5112115903671622e+01
  -1.3022168582339260e+01
   1.2967951295137823e+01
   2.5250002399128142e+01
   9.9528343095028031e+00
  -1.6150370465353330e+01
  -2.4639620308716914e+01
  -6.3315846458387499e+00
   1.9015038250759371e+01
   2.3660046895877262e+01
   2.8266141881778015e+00
  -2.1358605392600101e+01
  -2.2238484952318437e+01
   1.1970129155862586e+00
   2.3140073285861337e+01
   2.0067439099770478e+01
  -4.8380559661114138e+00
  -2.4508520451951323e+01
  -1.7499679049723319e+01
   8.4789434773039680e+00
   2.5359017341585979e+01
   1.4561280399775038e+01
  -1.2009778116961028e+01
  -2.5219121723589488e+01
  -1.1209196502958948e+01
   1.5038269751922156e+01
   2.4874061221636811e+01
   7.7104402107620604e+00
  -1.8019800576280218e+01
  -2.4013185495980323e+01
  -3.9480081577123762e+00
   2.0350812211679170e+01
   2.2726486165004612e+01
   3.0165280433422959e-01
  -2.2111297010041611e+01
  -2.0519690490009985e+01
   3.4452005877799947e+00
   2.3904506310778810e+01
   1.8542238176543052e+01
  -7.1149468401506386e+00
  -2.4634003859261359e+01
  -1.5703156428992205e+01
   1.0269893847555167e+01
   2.5371455014163541e+01
   1.2611148293445888e+01
  -1.3647322235527952e+01
  -2.4910327268818261e+01
  -9.1860149339674759e+00
   1.6736979763017992e+01
   2.4506399886455515e+01
   5.8577498980457090e+00
  -1.9303264586553428e+01
  -2.3405293874325981e+01
  -2.1092387246252118e+00
   2.1611098411899299e+01
   2.1867991175104741e+01
  -1.8791262234608910e+00
  -2.3296882103995500e+01
  -1.9557174273158417e+01
   5.4183487764973464e+00
   2.4722519930186351e+01
   1.6920705190122543e+01
  -9.1753550067533070e+00
  -2.5226162673924733e+01
  -1.3896058842277007e+01
   1.2505614973173412e+01
   2.5293753913173607e+01
   1.0629060847723173e+01
  -1.5750426074909553e+01
  -2.4798669163990638e+01
  -6.9268330423020785e+00
   1.8712388518968087e+01
   2.3691459532733905e+01
   3.3019939055992733e+00
  -2.0960438055319219e+01
  -2.2111844292844399e+01
   5.1267629625058653e-01
   2.2576771462042394e+01
   2.0302396332583591e+01
  -4.1490438940783028e+00
  -2.4134500406208787e+01
  -1.7720049486863491e+01
   7.7420850889408728e+00
   2.4702917259318880e+01
   1.4783125116124340e+01
  -1.1223532119475877e+01
  -2.5080816787299238e+01
  -1.1981618486918707e+01
   1.4418271493143699e+01
   2.4923035659907342e+01
   8.6367404642147942e+00
  -1.7224222419771944e+01
  -2.4105033827421462e+01
  -4.8361638144152126e+00
   1.9540952376094708e+01
   2.3066600543991651e+01
   1.3461721594851555e+00
  -2.1986160813032335e+01
  -2.1293044657508052e+01
   2.5910738676881087e+00
   2.3542778663159460e+01
   1.9251994795684226e+01
  -6.2134624403359870e+00
  -2.4654660168899859e+01
  -1.6603518043317301e+01
   9.8193603508233451e+00
   2.5392701216742733e+01
   1.3208087505042533e+01
  -1.3219483374778116e+01
  -2.5237700368948765e+01
  -9.9290138726294508e+00
   1.6311364547243127e+01
   2.4883771176284068e+01
   6.2281726723823105e+00
  -1.9014844578240346e+01
  -2.3602230890216859e+01
  -2.5073160736512876e+00
   2.1288696550786923e+01
   2.1989776020685440e+01
  -1.2595968406973668e+00
  -2.3046959477977566e+01
  -1.9865964663319371e+01
   5.0963924296226732e+00
   2.4358138919401533e+01
   1.7232619479134677e+01
  -8.5430197329504924e+00
  -2.4981832683639727e+01
  -1.4128857206385479e+01
   1.1822506922488076e+01
   2.5232123153823363e+01
   1.1141865458661439e+01
  -1.4908066799889463e+01
  -2.4884087945606467e+01
  -7.8856339290130766e+00
   1.7747130951652814e+01
   2.3982308349949363e+01
   4.2699909094761788e+00
  -2.0023471928261873e+01
  -2.2664671058249372e+01
  -6.7623650895216691e-01
   2.2020125070422093e+01
   2.0881002917082601e+01
  -3.1409318445497569e+00
  -2.3715910481294049e+01
  -1.8489016626933285e+01
   6.7764835838854776e+00
   2.4828924097836008e+01
   1.5759394004907051e+01
  -1.0452339033941923e+01
  -2.5555280828039109e+01
  -1.2562650562801563e+01
   1.3712164399050456e+01
   2.5194422624919635e+01
   9.1431590677374750e+00
  -1.6859053083742516e+01
  -2.4660011689908803e+01
  -5.5456797869189582e+00
   1.9325758215664255e+01
   2.3528449106931689e+01
   1.7564454319058345e+00
  -2.1686708401835777e+01
  -2.1741905126361821e+01
   1.8416087193274355e+00
   2.3472425561501119e+01
   1.9224961517054066e+01
  -5.7702908890569624e+00
  -2.4287023463314018e+01
  -1.6727586911806263e+01
   9.0044721055048527e+00
   2.5237490595456649e+01
   1.3700145461656493e+01
  -1.2605450386247961e+01
  -2.5235746307182016e+01
  -1.0551138559714081e+01
   1.5705207472489571e+01
   2.4803322727993326e+01
   7.0088463695418390e+00
  -1.8179617525119323e+01
  -2.3739150433324067e+01
  -3.5272364864211041e+00
   2.0721422974900129e+01
   2.2203902645564167e+01
  -2.8834952029274841e-01
  -2.2546590281422770e+01
  -2.0275959369488145e+01
   3.8070960224043309e+00
   2.3766113806805635e+01
   1.8023434366005866e+01
  -7.5948190333195527e+00
  -2.4852448657609727e+01
  -1.5103950323549636e+01
   1.0950120475061748e+01
   2.5325452158167970e+01
   1.2170477292589764e+01
  -1.4478545944085370e+01
  -2.5305073022853293e+01
  -8.5510681178804973e+00
   1.7469560259977278e+01
   2.4476482628875061e+01
   5.0346943026285116e+00
  -1.9914725918758492e+01
  -2.3099678914062284e+01
  -1.1618356693841689e+00
   2.1831622159724002e+01
   2.1386205208707612e+01
  -2.5567324242767593e+00
  -2.3571241112108606e+01
  -1.8875650037316419e+01
   6.4021945555995012e+00
   2.4613594402159404e+01
   1.6008247630766672e+01
  -1.0031092034309998e+01
  -2.5135233276437638e+01
  -1.3090920181696420e+01
   1.3167876897165224e+01
   2.5253319052274882e+01
   9.6147950781075870e+00
  -1.6225737965811771e+01
  -2.4612278269791926e+01
  -6.3023193431025453e+00
   1.8639301791568506e+01
   2.3478675965065875e+01
   2.6366820805446602e+00
  -2.1027920995614206e+01
  -2.1925038238837885e+01
   1.0992495110753153e+00
   2.2847038361144541e+01
   1.9794318084125333e+01
  -4.6872394041111223e+00
  -2.3993865700101594e+01
  -1.7340435792375942e+01
   8.3857483262773123e+00
   2.5148754640344372e+01
   1.4653226381215774e+01
  -1.1556662578994972e+01
  -2.5232688687075928e+01
  -1.1628555897480961e+01
   1.4797601702549393e+01
   2.5091374453375241e+01
   7.9050013001998076e+00
  -1.7738404530183775e+01
  -2.4139048913468550e+01
  -4.2894782717067974e+00
   2.0196676118996347e+01
   2.3034058597009764e+01
   6.0483633983481200e-01
  -2.2417841122067642e+01
  -2.0776261337041632e+01
   3.2839471625512529e+00
   2.3934955214992094e+01
   1.8338738079031206e+01
  -7.1341031998707232e+00
  -2.5022425641480073e+01
  -1.5746220154704289e+01
   1.0496477617998233e+01
   2.5265433334520079e+01
   1.2369926363647375e+01
  -1.3956462300777275e+01
  -2.5247154236922295e+01
  -9.3332226324854908e+00
   1.6888971538562924e+01
   2.4380524798391683e+01
   5.5473765515792310e+00
  -1.9330909087300405e+01
  -2.3356321335315723e+01
  -1.9011109253415766e+00
   2.1510985478094781e+01
   2.1634399959515417e+01
  -1.9464846749430507e+00
  -2.3134569474925708e+01
  -1.9336251009318900e+01
   5.5674780630344296e+00
   2.4394538631654697e+01
   1.6807571381473672e+01
  -8.9032752273076081e+00
  -2.5071541755427020e+01
  -1.3882068074790732e+01
   1.2193248791463851e+01
   2.5177120284665364e+01
   1.0780106013374475e+01
  -1.5330222667775272e+01
  -2.4834851501813784e+01
  -7.2775101460344578e+00
   1.8276457925566564e+01
   2.3999118012645717e+01
   3.5646952632071636e+00
  -2.0679798896698141e+01
  -2.2569119660222324e+01
   1.7784818924483370e-01
   2.2658233088145305e+01
   2.0641738657296845e+01
  -3.8985499396407839e+00
  -2.4206715180430166e+01
  -1.8184389845472555e+01
   7.7626832733846545e+00
   2.5025618955705738e+01
   1.5136247674444940e+01
  -1.1160279674681048e+01
  -2.5395811260196751e+01
  -1.1926372009768647e+01
   1.4540357149270520e+01
   2.5245045063044611e+01
   8.5412783818982625e+00
  -1.7396566871920811e+01
  -2.4133170271332986e+01
  -4.9130293242025891e+00
   1.9836459007823084e+01
   2.3005459788350031e+01
   1.1366157818754590e+00
  -2.1993509023597337e+01
  -2.1186482710731095e+01
   2.6134822304708445e+00
   2.3498337312205251e+01
   1.8702460253568475e+01
  -6.3146238671076267e+00
  -2.4437360984300739e+01
  -1.6308481690772155e+01
   9.7868454162744900e+00
   2.5154400196562822e+01
   1.3323783825830837e+01
  -1.2989993935631064e+01
  -2.5003505217547950e+01
  -1.0120677397831518e+01
   1.6015721630103354e+01
   2.4700226885646394e+01
   6.5990529430172087e+00
  -1.8685303466872313e+01
  -2.3794890249520655e+01
  -2.8632574899321228e+00
   2.1033945983847818e+01
   2.1947403607424203e+01
  -9.9138544370519099e-01
  -2.2886971096456584e+01
  -2.0168734128693067e+01
   4.6830315298840848e+00
   2.4621455815885898e+01
   1.7487350937852533e+01
  -8.5215169840940668e+00
  -2.5125032298053885e+01
  -1.4824878163592832e+01
   1.1916139489137837e+01
   2.5527505332258944e+01
   1.1216777578373602e+01
  -1.5198138975916335e+01
  -2.5017730914757660e+01
  -7.8099894808584569e+00
   1.8028727493780639e+01
   2.4142122068933915e+01
   3.9344744571799444e+00
  -2.0510936041943054e+01
  -2.2703501653719645e+01
  -3.7187803590595703e-01
   2.2256839909488178e+01
   2.0854398081967737e+01
  -3.2039928626794971e+00
  -2.3810341828974757e+01
  -1.8476283875476526e+01
   6.8794285022252888e+00
   2.4715368350536036e+01
   1.5771379407651375e+01
  -1.0373254948320836e+01
  -2.5026304314132943e+01
  -1.2701163668757529e+01
   1.3660832718293912e+01
   2.5044580665316126e+01
   9.3489559969240794e+00
  -1.6513841071355465e+01
  -2.4324896288380632e+01
  -5.8068927534193371e+00
   1.9391012201046944e+01
   2.3356087265327233e+01
   2.0906097329124020e+00
  -2.1275206769656094e+01
  -2.1770469146076863e+01
   1.7525875508901603e+00
   2.3124109964965026e+01
   1.9662942156984435e+01
  -5.3209716313961692e+00
  -2.4587727945256152e+01
  -1.7189409731293093e+01
   9.0313256426226438e+00
   2.5409185317798805e+01
   1.4117618074697001e+01
  -1.2349903906450276e+01
  -2.5336768386666396e+01
  -1.0661082714713897e+01
   1.5657523132574939e+01
   2.4855318247397889e+01
   7.1547815493638662e+00
  -1.8692409304519135e+01
  -2.3962613562744380e+01
  -3.3786609800220981e+00
   2.1035181615176061e+01
   2.2251887648721439e+01
  -3.2899891488600752e-01
  -2.2834001138569768e+01
  -2.0480100087525873e+01
   4.2431967370710169e+00
   2.4140769913869633e+01
   1.7916548893077216e+01
  -7.8012042938042034e+00
  -2.4901028021003981e+01
  -1.5049272181244357e+01
   1.1257390701513902e+01
   2.5253652435165716e+01
   1.1850306639016791e+01
  -1.4279660454269122e+01
  -2.5008140611520901e+01
  -8.4930104987819117e+00
   1.7085843482689899e+01
   2.4281993397287131e+01
   4.9300412753702680e+00
  -1.9633054103984108e+01
  -2.3003821754857430e+01
  -1.4810535981760180e+00
   2.1732501877432092e+01
   2.1517117899877981e+01
  -2.4317224988058794e+00
  -2.3369322488489395e+01
  -1.9212175915672752e+01
   5.9883894974254517e+00
   2.4585659419072158e+01
   1.6271731544928677e+01
  -9.7142684947265625e+00
  -2.5269957575021500e+01
  -1.3552600538587155e+01
   1.3116044253934907e+01
   2.5333400223788274e+01
   1.0117571127937087e+01
  -1.6214307234034273e+01
  -2.4664524177213508e+01
  -6.3647966348005971e+00
   1.8827745358327245e+01
   2.3648070919544146e+01
   2.6110377352005636e+00
  -2.1098766356568817e+01
  -2.2080848981342722e+01
   1.0054146452507375e+00
   2.3025196863321735e+01
   2.0007119993110521e+01
  -4.8158666557305629e+00
  -2.4483691773921667e+01
  -1.7405585673175715e+01
   8.5177037667719055e+00
   2.5124974583773337e+01
   1.4348947068234056e+01
  -1.1960422512334025e+01
  -2.5321011744270812e+01
  -1.1234155658834100e+01
   1.4947276398786748e+01
   2.4844614048491781e+01
   7.7210726194909265e+00
  -1.8015078711040342e+01
  -2.4085246308746129e+01
  -4.1805956099548283e+00
   2.0101455592913698e+01
   2.2585069898309886e+01
   4.9301734237013295e-01
  -2.2051943874011521e+01
  -2.0896580660267073e+01
   3.0405552199562673e+00
   2.3598434541383924e+01
   1.8603800785208428e+01
  -6.6530321109889332e+00
  -2.4767333965006280e+01
  -1.5883089244556462e+01
   1.0455114307905999e+01
   2.5253309881539028e+01
   1.2974226981173638e+01
  -1.3502099318283520e+01
  -2.5197982753129558e+01
  -9.3419951831508534e+00
   1.6717685799078907e+01
   2.4802821522312581e+01
   5.8942347330813876e+00
  -1.9352438471474777e+01
  -2.3494331824795552e+01
  -2.1157133703237418e+00
   2.1615357391098026e+01
   2.1768343229764636e+01
  -1.7228467829293874e+00
  -2.3476391309610612e+01
  -1.9776876006233373e+01
   5.8066569938787831e+00
   2.4526641453780719e+01
   1.7033776061169664e+01
  -9.0960395794491848e+00
  -2.5198807588680392e+01
  -1.3740530070453250e+01
   1.2560663206330434e+01
   2.5261946529558660e+01
   1.0367219098687503e+01
  -1.5626909198404714e+01
  -2.4959704935309073e+01
  -7.0266082667665239e+00
   1.8457521464055795e+01
   2.3879376555765568e+01
   3.5254659305008706e+00
  -2.0682409982091801e+01
  -2.2306310604306379e+01
   1.1164581043125246e-01
   2.2467245139596550e+01
   2.0384856209092909e+01
  -4.1146512772904904e+00
  -2.4025502400967753e+01
  -1.8048133882706288e+01
   7.3533504504440739e+00
   2.4904770490038207e+01
   1.5261861542882995e+01
  -1.1100674603866269e+01
  -2.5069039502989845e+01
  -1.2347251716647698e+01
   1.3955001136004570e+01
   2.5085828047094772e+01
   8.7629731861362572e+00
  -1.7192897941286514e+01
  -2.4456242665959003e+01
  -5.1008242361711105e+00
   1.9726400687033838e+01
   2.3251606340704875e+01
   1.4903929422559341e+00
  -2.1834989658047878e+01
  -2.1223416978683638e+01
   2.3618678437107410e+00
   2.3724456915769998e+01
   1.9249337236797459e+01
  -6.1837643352139864e+00
  -2.4772599281475831e+01
  -1.6280364737091791e+01
   9.7295766244121324e+00
   2.5417208241577526e+01
   1.3629111432865638e+01
  -1.3317580199035541e+01
  -2.5200984660318088e+01
  -9.9759421136936073e+00
   1.6205980162990532e+01
   2.4917349936650666e+01
   6.1638367723202672e+00
  -1.8794073074588326e+01
  -2.3431316901984552e+01
  -2.8559506166744528e+00
   2.1085037384132679e+01
   2.1847267466223553e+01
  -9.5710989542147085e-01
  -2.2744893896597262e+01
  -1.9787438598666078e+01
   4.6087910460494159e+00
   2.3983575401594209e+01
   1.7327174505191277e+01
  -8.1254471909383277e+00
  -2.4866429237080435e+01
  -1.4411025452557276e+01
   1.1598232866675170e+01
   2.5125241532389634e+01
   1.1368161187201521e+01
  -1.4865435152808933e+01
  -2.4950088259259392e+01
  -8.0156192676296403e+00
   1.7726865280098835e+01
   2.4125212619258967e+01
   4.4798163900049204e+00
  -2.0164567115763067e+01
  -2.2855331683201349e+01
  -7.4375861262063403e-01
   2.2331138288866175e+01
   2.1209614111031978e+01
  -3.1737589791683525e+00
  -2.3864218083637351e+01
  -1.8720859640760885e+01
   6.8421335573404329e+00
   2.4904356634836361e+01
   1.5794219602376728e+01
  -1.0533105224948779e+01
  -2.5306185592604937e+01
  -1.2666860464243966e+01
   1.3951594819738075e+01
   2.5228009251510926e+01
   9.2606988972541551e+00
  -1.6586666738452031e+01
  -2.4631827142436542e+01
  -5.6607319990437803e+00
   1.9370032747640646e+01
   2.3532529504979429e+01
   1.9990594944386286e+00
  -2.1445614369980909e+01
  -2.1570239568781197e+01
   1.8791099776836979e+00
   2.3100754295694959e+01
   1.9504289591717235e+01
  -5.6064861839579949e+00
  -2.4127869228797607e+01
  -1.6767228453764584e+01
   8.9392558695618067e+00
   2.5129336484697582e+01
   1.3689060624355454e+01
  -1.2481764594441135e+01
  -2.5239964970608799e+01
  -1.0726325097034236e+01
   1.5310491860503824e+01
   2.5015645145542035e+01
   7.2969958324518043e+00
  -1.8247398623762052e+01
  -2.3819026197565520e+01
  -3.7582258709027889e+00
   2.0528817808944435e+01
   2.2474133550783211e+01
  -9.9509680863798231e-02
  -2.2590811257854671e+01
  -2.0520596891232024e+01
   3.7388437192328388e+00
   2.4124032470237047e+01
   1.8113265525268694e+01
  -7.3939171661545640e+00
  -2.4982076364251991e+01
  -1.5487602974095687e+01
   1.1040061398471606e+01
   2.5360713805743803e+01
   1.2084006281413892e+01
  -1.4449875764869340e+01
  -2.5276111432551104e+01
  -8.7872210537301907e+00
   1.7542271346312805e+01
   2.4514972179363681e+01
   5.0093572686930692e+00
  -1.9873102851609975e+01
  -2.3032233054286259e+01
  -1.1974453189292971e+00
   2.1844195982667920e+01
   2.1236469929323473e+01
  -2.5995753824105043e+00
  -2.3689667027045644e+01
  -1.8918337321944833e+01
   6.0474002531937714e+00
   2.4627723890580192e+01
   1.6293639490861764e+01
  -9.6739700855346786e+00
  -2.5159457576593567e+01
  -1.3386634319426697e+01
   1.2987203493620504e+01
   2.5111025873574992e+01
   1.0024934055859591e+01
  -1.5876791670578633e+01
  -2.4518830480515934e+01
  -6.4142030168094664e+00
   1.8667517031114844e+01
   2.3684121395571033e+01
   3.0421642466863510e+00
  -2.1065093599577889e+01
  -2.1939194737435400e+01
   8.1400595252034535e-01
   2.2884689001633291e+01
   2.0092901139593863e+01
  -4.4559104462936308e+00
  -2.4344747412538879e+01
  -1.7595609631587838e+01
   8.0367947975148759e+00
   2.4993482291085581e+01
   1.4845885692564922e+01
  -1.1809437270845290e+01
  -2.5488863205345240e+01
  -1.1824267195527629e+01
   1.4980974875325034e+01
   2.5129978113560419e+01
   8.0005143074390279e+00
  -1.7816833762989553e+01
  -2.4228342982401191e+01
  -4.3102197362637353e+00
   2.0479646545642773e+01
   2.2628636602442125e+01
   5.8352291988492833e-01
  -2.2322390596236165e+01
  -2.0778478584209356e+01
   3.1896975755337262e+00
   2.3875129011573485e+01
   1.8305654144357245e+01
  -7.0487993738938028e+00
  -2.4913251262489108e+01
  -1.5774998448873268e+01
   1.0512843055978276e+01
   2.5278483022115012e+01
   1.2599906336879785e+01
  -1.3876091127239027e+01
  -2.4986077487180182e+01
  -9.3170234297757428e+00
   1.6480473345337167e+01
   2.4397440206695926e+01
   5.6316340378507572e+00
  -1.9239350851052155e+01
  -2.3274896113997016e+01
  -1.9853590084003192e+00
   2.1269097807713763e+01
   2.1492010951605536e+01
  -1.7755528507468703e+00
  -2.3348385643689021e+01
  -1.9546861236209597e+01
   5.0693504689356148e+00
   2.4471951238359118e+01
   1.6957847098074964e+01
  -8.8041610833417945e+00
  -2.5433701021287220e+01
  -1.4083594444874420e+01
   1.2369824991241540e+01
   2.5272896837274207e+01
   1.0696579436279682e+01
  -1.5388387997594357e+01
  -2.5053992672237136e+01
  -7.4218987940941110e+00
   1.8279928425284961e+01
   2.3953260295003616e+01
   3.6918124693608987e+00
  -2.0854505321496418e+01
  -2.2540290623334688e+01
   1.1238779523717775e-01
   2.2692315060658380e+01
   2.0587469397004835e+01
  -3.9403265287197402e+00
  -2.4237899385234826e+01
  -1.8002867014086263e+01
   7.8056322388845976e+00
   2.4910082937991461e+01
   1.5203774340216057e+01
  -1.1320570161213059e+01
  -2.5083089752893290e+01
  -1.1890770625222675e+01
   1.4443012988351096e+01
   2.5201981180267573e+01
   8.5152426332259630e+00
  -1.7260296846402913e+01
  -2.4198157934066042e+01
  -4.9866325063723522e+00
   1.9748714198771889e+01
   2.2865535450323435e+01
   1.1806883127432650e+00
  -2.1982987122801905e+01
  -2.1167349617759651e+01
   2.3928419847082498e+00
   2.3582010223028789e+01
   1.9165463879790110e+01
  -6.0473078611432269e+00
  -2.4528422868839524e+01
  -1.6502145705458666e+01
   9.4202921535423751e+00
   2.5090624334692606e+01
   1.3389238726923537e+01
  -1.2862545023831219e+01
  -2.5576387255137767e+01
  -1.0181885868888399e+01
   1.5788839293904802e+01
   2.4830256282578791e+01
   6.7320002516789303e+00
  -1.8747344206339154e+01
  -2.3701583368972589e+01
  -2.9764566345547432e+00
   2.1117273959683505e+01
   2.2352028991917059e+01
  -9.0918007113911548e-01
  -2.3047435977437296e+01
  -2.0215604449905015e+01
   4.6628117013445047e+00
   2.4290295892468521e+01
   1.7698509879030340e+01
  -8.3193489933658658e+00
  -2.5149801445865997e+01
  -1.4747021979503499e+01
   1.1866082592479602e+01
   2.5443671291946757e+01
   1.1337405077852582e+01
  -1.4924377102689505e+01
  -2.5103156714497807e+01
  -7.7713911768951265e+00
   1.7680214295721772e+01
   2.4225004252353923e+01
   4.3959136025600367e+00
  -2.0172548084499642e+01
  -2.2738092314200895e+01
  -5.5482053818506261e-01
   2.2234679595757449e+01
   2.0714151453597363e+01
  -3.2020266565590312e+00
  -2.3609053895052842e+01
  -1.8437643850111542e+01
   6.7364001388070278e+00
   2.4458018283299417e+01
   1.5617649078812661e+01
  -1.0246854584859731e+01
  -2.5217827091720622e+01
  -1.2867355023867171e+01
   1.3399311168169360e+01
   2.5035483913843841e+01
   9.4795406240886333e+00
  -1.6397767746561531e+01
  -2.4584741734710217e+01
  -5.9551154881986950e+00
   1.9094528254725937e+01
   2.3404591537945407e+01
   1.9883738306411498e+00
  -2.1425212165017889e+01
  -2.1913730287468436e+01
   1.5486398573260807e+00
   2.3368919876725883e+01
   1.9627759258409220e+01
  -5.4677029549473355e+00
  -2.4495615004844982e+01
  -1.7084517830786879e+01
   9.0038568865431365e+00
   2.5268671832713622e+01
   1.4008275331414909e+01
  -1.2591974687120667e+01
  -2.5359599633963747e+01
  -1.0900707102961011e+01
   1.5734437268336052e+01
   2.5013383865349326e+01
   7.0438548350980703e+00
  -1.8425964234185663e+01
  -2.3837337437268932e+01
  -3.4257843983809670e+00
   2.0671648629697955e+01
   2.2223920245100963e+01
  -2.0405179064318144e-01
  -2.2511328399526100e+01
  -2.0330816482744218e+01
   3.9570541741951786e+00
   2.3908832776420137e+01
   1.7772842127385392e+01
  -7.4774969028528808e+00
  -2.4862552467250577e+01
  -1.5047277977444184e+01
   1.0657589558157731e+01
   2.5137258984823717e+01
   1.2143451055028065e+01
  -1.4360901601931799e+01
  -2.5078906936435271e+01
  -8.7470927565724690e+00
   1.6960364526112908e+01
   2.4387157881885408e+01
   5.2126025759379324e+00
  -1.9416316334201550e+01
  -2.3306345718272425e+01
  -1.4640047175107649e+00
   2.1680512389772048e+01
   2.1561468379674817e+01
  -2.3653120229901372e+00
  -2.3479167278313945e+01
  -1.9322338587739491e+01
   6.1078801685301318e+00
   2.4690877082674998e+01
   1.6672694410384196e+01
  -9.6951143336727590e+00
  -2.5469592360079979e+01
  -1.3493252930540471e+01
   1.3090842857320542e+01
   2.5246829142563506e+01
   9.7540800362118674e+00
  -1.6133486769422984e+01
  -2.4728988322943739e+01
  -6.4246976292505451e+00
   1.8905843983478899e+01
   2.3676279313092728e+01
   2.8538084491414084e+00
  -2.1358913550907651e+01
  -2.2216613874224677e+01
   8.4633056783544314e-01
   2.2745011188764231e+01
   1.9942515797500196e+01
  -4.6043708555914291e+00
  -2.4360793437281878e+01
  -1.7349060226099411e+01
   8.4820215937280974e+00
   2.4978605312092011e+01
   1.4481467083419515e+01
  -1.1529338612268246e+01
  -2.5101891612372665e+01
  -1.1341849464219587e+01
   1.5014254872668523e+01
   2.5077366922587728e+01
   7.8640988186148553e+00
  -1.7486056380057438e+01
  -2.3928403001999744e+01
  -4.5591707085082698e+00
   2.0006245055810240e+01
   2.2897692733951764e+01
   8.3078814108180943e-01
  -2.1984472265838228e+01
  -2.0817314420014622e+01
   2.9195909687765469e+00
   2.3772022195283402e+01
   1.8677041846031631e+01
  -6.6314757178064578e+00
  -2.4636521483476265e+01
  -1.5857479139494751e+01
   1.0340918862810343e+01
   2.5287270240803728e+01
   1.2835963036441203e+01
  -1.3668626143423721e+01
  -2.5200838291218432e+01
  -9.4608468162492212e+00
   1.6766918166090488e+01
   2.4626832178240022e+01
   5.7253087772262692e+00
  -1.9220312414595867e+01
  -2.3571046304343646e+01
  -2.0150340511587181e+00
   2.1572813013819442e+01
   2.1844567799671943e+01
  -1.7477449137918999e+00
  -2.3117770394765234e+01
  -1.9703461532366408e+01
   5.3426105748861632e+00
   2.4385248442758950e+01
   1.6799441066430703e+01
  -9.0832525504215873e+00
  -2.5053022846452038e+01
  -1.3853341922409848e+01
   1.2426897467395817e+01
   2.4976401154263609e+01
   1.0751728319501762e+01
  -1.5253381061459683e+01
  -2.4617666031969041e+01
  -7.2771735935304696e+00
   1.8107664984130786e+01
   2.3938989941706676e+01
   3.8392941614705869e+00
  -2.0697473718821001e+01
  -2.2301846998084525e+01
   8.7923009613526934e-02
   2.2471575932731099e+01
   2.0455344385511744e+01
  -3.4097189180294238e+00
  -2.3958963390603238e+01
  -1.8028575625592861e+01
   7.5828175068252301e+00
   2.4898408854020904e+01
   1.5611648798940235e+01
  -1.0686249174535353e+01
  -2.5384397468288256e+01
  -1.2145985050594913e+01
   1.4039211205847863e+01
   2.5329642949436700e+01
   8.8094536950937137e+00
  -1.7288385281601602e+01
  -2.4559874083255053e+01
  -5.0400607088842673e+00
   1.9762439461532185e+01
   2.3140165648776875e+01
   1.3274233689689714e+00
  -2.1877825341208503e+01
  -2.1515250013605044e+01
   2.4633839365451782e+00
   2.3577559701885633e+01
   1.9047699125476754e+01
  -6.3494743608265578e+00
  -2.4675934271288209e+01
  -1.6433055660365916e+01
   9.5268785675335650e+00
   2.5192875270273891e+01
   1.3054518776258794e+01
  -1.2917426997049379e+01
  -2.5164457635635809e+01
  -1.0120480555812829e+01
   1.6082027952583307e+01
   2.4544918265362856e+01
   6.4610815584764678e+00
  -1.8629595250074541e+01
  -2.3679214282604370e+01
  -3.0206599891701380e+00
   2.0788184663426119e+01
   2.2149610473774736e+01
  -8.4267062020505623e-01
  -2.2658266255974304e+01
  -1.9997215111857933e+01
   4.3296954130203353e+00
   2.4187334034747199e+01
   1.7571923566329193e+01
  -7.9860514729106704e+00
  -2.4922458504161160e+01
  -1.4793007794008734e+01
   1.1430779723754812e+01
   2.5489802598680054e+01
   1.1608178148639750e+01
  -1.4772336673610180e+01
  -2.5172943432273385e+01
  -8.2019121422828718e+00
   1.7687948366548397e+01
   2.4126886622792526e+01
   4.3228824108585293e+00
  -2.0238977794542471e+01
  -2.3004346337991034e+01
  -6.5964296631461905e-01
   2.2060211946398272e+01
   2.1027055636085226e+01
  -3.1831362754307042e+00
  -2.3872422331752915e+01
  -1.8630394226585267e+01
   6.8189731640616760e+00
   2.4906341264513138e+01
   1.5806704135245878e+01
  -1.0321827722230712e+01
  -2.5235427871765673e+01
  -1.2619045898710855e+01
   1.3868191702848010e+01
   2.5132324170096901e+01
   9.5020036127482363e+00
  -1.6613001366389913e+01
  -2.4473782634143429e+01
  -5.6724028478314414e+00
   1.9093180519032288e+01
   2.3139880349103798e+01
   2.1104538923025706e+00
  -2.1448453814930282e+01
  -2.1669641389652508e+01
   1.3771110077944004e+00
   2.2941518090567580e+01
   1.9562967714642642e+01
  -5.3190407487497087e+00
  -2.4250968414350233e+01
  -1.7114368974097374e+01
   8.7922823235458871e+00
   2.4978292176387836e+01
   1.4079464181825777e+01
  -1.2207430868673868e+01
  -2.5244700090029564e+01
  -1.0945029452896851e+01
   1.5235704115700134e+01
   2.4838948803635635e+01
   7.4373895036015485e+00
  -1.8056349359410710e+01
  -2.4043788095842899e+01
  -3.7274689238442611e+00
   2.0604644141446151e+01
   2.2687087466392811e+01
  -1.8897597630500178e-02
  -2.2566250168057188e+01
  -2.0684768455065093e+01
   3.9581138984524977e+00
   2.4085438840712943e+01
   1.8195352945580904e+01
  -7.6029842629673379e+00
  -2.4979017862809478e+01
  -1.5250649749338283e+01
   1.1135538614031967e+01
   2.5309109158937723e+01
   1.2135613137253886e+01
  -1.4313634205371809e+01
  -2.5184826327579124e+01
  -8.7299392998537151e+00
   1.7312844206189101e+01
   2.4183622003938048e+01
   4.9260733935580268e+00
  -1.9662670236813568e+01
  -2.2980079711426221e+01
  -1.2294818908637259e+00
   2.1986093557416531e+01
   2.1269316366312903e+01
  -2.3228252456467389e+00
  -2.3389694121304863e+01
  -1.9033620417454813e+01
   5.8940107871434604e+00
   2.4518609355427703e+01
   1.6366127145146603e+01
  -9.5127513391272824e+00
  -2.5038368061462261e+01
  -1.3526660645974047e+01
   1.2868441259891993e+01
   2.4969129778635473e+01
   1.0071340059882033e+01
  -1.5933928972934423e+01
  -2.4694281738665541e+01
  -6.8067479836700846e+00
   1.8454545669720900e+01
   2.3561323514957316e+01
   3.0788631390411756e+00
  -2.1123109463270154e+01
  -2.2190423788204132e+01
   8.0333304814057060e-01
   2.2864214046867897e+01
   2.0337664633767655e+01
  -4.3095504511869001e+00
  -2.4398034822362131e+01
  -1.7711445139975243e+01
   8.0588736791642628e+00
   2.5140378342837398e+01
   1.4768753510709910e+01
  -1.1847280112253635e+01
  -2.5571503503587859e+01
  -1.1278619935695662e+01
   1.4967443432436022e+01
   2.4944659054187127e+01
   8.0472618104854767e+00
  -1.7739799234446068e+01
  -2.4272924299527880e+01
  -4.3979744403361494e+00
   2.0276906820396242e+01
   2.2649489950300779e+01
   6.8247388595767511e-01
  -2.2010188297074876e+01
  -2.0883973503000842e+01
   3.1939847064816105e+00
   2.3683859572387565e+01
   1.8457156480632619e+01
  -6.5995902418321135e+00
  -2.4651804145663434e+01
  -1.5718206390534528e+01
   1.0173689482908948e+01
   2.5116079584462369e+01
   1.2747894359545986e+01
  -1.3480819008302117e+01
  -2.5202176983618564e+01
  -9.7099665568710112e+00
   1.6363230054281090e+01
   2.4506352401720473e+01
   5.9142057592415700e+00
  -1.9013865210226108e+01
  -2.3364041525776098e+01
  -2.5017889193180292e+00
   2.1279907917721719e+01
   2.2031141383337072e+01
  -1.4772026354567023e+00
  -2.3199911985506706e+01
  -1.9741974626196683e+01
   5.0160491657530466e+00
   2.4380620820511858e+01
   1.7185772687119140e+01
  -8.8598970419941097e+00
  -2.5212015009983329e+01
  -1.4257038568258150e+01
   1.2274098223901058e+01
   2.5223592489583346e+01
   1.0990728209154510e+01
  -1.5671330508836354e+01
  -2.4977045474646502e+01
  -7.4106866014962653e+00
   1.8276343271349749e+01
   2.4130468917793035e+01
   3.6553703393925021e+00
  -2.0707198932214389e+01
  -2.2665308708934596e+01
   4.4792357360481372e-03
   2.2489475392309803e+01
   2.0537237383249700e+01
  -4.0187787420742689e+00
  -2.4009405553186916e+01
  -1.7851785080260864e+01
   7.5481861606440264e+00
   2.4845803358927288e+01
   1.5236701292460586e+01
  -1.1025157415583928e+01
  -2.5087016746787743e+01
  -1.2149975132258504e+01
   1.4039690642383132e+01
   2.4893279457304356e+01
   8.6761475375045034e+00
  -1.6897852773350575e+01
  -2.4256032410377209e+01
  -5.1619072669978072e+00
   1.9458458583462107e+01
   2.3101684297136611e+01
   1.4879829912933515e+00
  -2.1660582377161177e+01
  -2.1532745561863898e+01
   2.1493428474016039e+00
   2.3329483910682725e+01
   1.9131708214203481e+01
  -6.0517887721420660e+00
  -2.4398803157848675e+01
  -1.6686286874741715e+01
   9.4416558317120849e+00
   2.5398988698774257e+01
   1.3714728712185863e+01
  -1.2769582584639707e+01
  -2.5370054188160950e+01
  -1.0213281684052914e+01
   1.6062747533611880e+01
   2.4890780777680334e+01
   6.6801313435617491e+00
  -1.8851092063342424e+01
  -2.3565780349289533e+01
  -2.8737982663815091e+00
   2.1078342140660677e+01
   2.2115543782211212e+01
  -8.3196705194181619e-01
  -2.3083218313866055e+01
  -2.0028831814828600e+01
   4.4179514506612056e+00
   2.4123813775035437e+01
   1.7481188392462720e+01
  -8.0746069428231131e+00
  -2.5016904434802189e+01
  -1.4590280679087462e+01
   1.1546947919152087e+01
   2.5275196912011545e+01
   1.1580956747458316e+01
  -1.4613456352631985e+01
  -2.4858683986974210e+01
  -7.9977170023034256e+00
   1.7537542170715827e+01
   2.4164793991039531e+01
   4.4134804025524055e+00
  -2.0185371117586893e+01
  -2.2795573655806223e+01
  -7.0875937141451351e-01
   2.2106479110789859e+01
   2.0895019669808189e+01
  -2.8386251386271879e+00
  -2.3522383789938115e+01
  -1.8683940065437273e+01
   6.4423581479909089e+00
   2.4628302009953899e+01
   1.6033499398906333e+01
  -1.0115242059162568e+01
  -2.5138990795455523e+01
  -1.2778779309146092e+01
   1.3421523492002587e+01
   2.5231053582740390e+01
   9.5253650992645955e+00
  -1.6505088580436727e+01
  -2.4725450582965326e+01
  -6.1089109479268870e+00
   1.9093494516615472e+01
   2.3527349647573189e+01
   2.0505854817416642e+00
  -2.1461885155596338e+01
  -2.1820931694071184e+01
   1.5594915833879162e+00
   2.3312335272266981e+01
   1.9728723353429764e+01
  -5.5270677472417375e+00
  -2.4548513457570806e+01
  -1.7185871238441511e+01
   9.0666115216927547e+00
   2.5124865156059915e+01
   1.3946779836909391e+01
  -1.2263929508982963e+01
  -2.5203224412248620e+01
  -1.0674149915014507e+01
   1.5463480049373029e+01
   2.4865840694481843e+01
   7.2404321789206305e+00
  -1.8154614670162239e+01
  -2.3983070724425712e+01
  -3.6897313984729561e+00
   2.0432659595484679e+01
   2.2502983993308995e+01
  -2.0713808197341706e-02
  -2.2477066459754560e+01
  -2.0604109023802614e+01
   3.7341591000445016e+00
   2.3843867203439004e+01
   1.8267550801685058e+01
  -7.2443174226394769e+00
  -2.4755462461513059e+01
  -1.5365775130798443e+01
   1.0585358046877120e+01
   2.5281542480609982e+01
   1.2369072121422567e+01
  -1.3995998818269875e+01
  -2.5182892215277104e+01
  -8.9675701464159125e+00
   1.6874832845261665e+01
   2.4490664081127115e+01
   5.3155015349350538e+00
  -1.9543640272989890e+01
  -2.3343923159544428e+01
  -1.6448598048158389e+00
   2.1795749597926701e+01
   2.1553120936646689e+01
  -2.3761790229459887e+00
  -2.3366160402934895e+01
  -1.9303719443453616e+01
   6.0588668357222000e+00
   2.4885734943306606e+01
   1.6500262480775849e+01
  -9.5304469491660413e+00
  -2.5219721862504215e+01
  -1.3419831991622878e+01
   1.2947793242485460e+01
   2.5350474988141862e+01
   1.0155556419153731e+01
  -1.6239767217646854e+01
  -2.4765521653758132e+01
  -6.3449097528147504e+00
   1.8730271072368744e+01
   2.3528793949182351e+01
   2.8460517400889889e+00
  -2.0855897738965133e+01
  -2.2070063090257772e+01
   8.1640489638903946e-01
   2.2774493912893870e+01
   2.0021666502828364e+01
  -4.5104699013765472e+00
  -2.4072822823195420e+01
  -1.7470833169660967e+01
   8.0511413104507898e+00
   2.4916621840892880e+01
   1.4939926119006481e+01
  -1.1210741058751877e+01
  -2.5030247900700498e+01
  -1.1837871743115505e+01
   1.4729826637053792e+01
   2.5101251213143545e+01
   8.1691197511420057e+00
  -1.7633616850108712e+01
  -2.4351093558614863e+01
  -4.6423291715186146e+00
   2.0106969953483734e+01
   2.3045039409037855e+01
   1.0513007053914349e+00
  -2.2286939231554570e+01
  -2.1054732577836845e+01
   3.0737002942851204e+00
   2.3841485341121725e+01
   1.8729890050202165e+01
  -6.6273599867355317e+00
  -2.4822512636054807e+01
  -1.6071412418036306e+01
   1.0235927918111045e+01
   2.5512650288627054e+01
   1.2821623018200290e+01
  -1.3656046874943856e+01
  -2.5359524719007780e+01
  -9.5467052121205835e+00
   1.6649405633079329e+01
   2.4579037444997844e+01
   5.8716555533075754e+00
  -1.9093160971286991e+01
  -2.3195194050716623e+01
  -2.0502983240986952e+00
   2.1445957258579508e+01
   2.1858571898350498e+01
  -1.4847708244166757e+00
  -2.2864167553155653e+01
  -1.9549033960380608e+01
   5.2516099230231097e+00
   2.4363479997098757e+01
   1.6985632663652062e+01
  -8.7960270740842184e+00
  -2.4885893822365716e+01
  -1.4082697720012447e+01
   1.2047418194480750e+01
   2.5103461204189291e+01
   1.0971514307262769e+01
  -1.5357659023289385e+01
  -2.4852468171059154e+01
  -7.6760066224119567e+00
   1.7795236445090094e+01
   2.4098307260184853e+01
   3.9361348324202838e+00
  -2.0583278347303892e+01
  -2.2552764642678039e+01
  -1.8402985111603348e-01
   2.2490579248700122e+01
   2.0779197075435569e+01
  -3.6906448525261961e+00
  -2.4005898018141103e+01
  -1.8286951903271039e+01
   7.2367686822416148e+00
   2.4972391123483526e+01
   1.5585184396323200e+01
  -1.0904908464637215e+01
  -2.5438668025112801e+01
  -1.2186138014701898e+01
   1.4214713438909543e+01
   2.5148659287034342e+01
   8.8287782038373930e+00
  -1.7035615285285136e+01
  -2.4498919561942646e+01
  -5.2003996118550502e+00
   1.9685276686913653e+01
   2.3231606087139056e+01
   1.2432115813971096e+00
  -2.1699387667834031e+01
  -2.1237870512864514e+01
   2.3259200177542536e+00
   2.3397592016484872e+01
   1.9074547604673640e+01
  -6.0566874533516755e+00
  -2.4296510282260758e+01
  -1.6489630468050869e+01
   9.4699801732380902e+00
   2.5067666175267764e+01
   1.3375770805151058e+01
  -1.2753188336877361e+01
  -2.5213477782589138e+01
  -1.0186181939253483e+01
   1.5982656705283420e+01
   2.4580106390732393e+01
   6.5833879904908983e+00
  -1.8603369892927642e+01
  -2.3809282988455305e+01
  -3.2024526337114949e+00
   2.0852274124397887e+01
   2.2284942992360836e+01
  -6.4735643201760062e-01
  -2.2678615436891921e+01
  -2.0371640247642990e+01
   4.3394451819900404e+00
   2.3981182309375544e+01
   1.7744714454427928e+01
  -7.9762815507372222e+00
  -2.5211084329115330e+01
  -1.5025436681402798e+01
   1.1301739926103982e+01
   2.5367690770724515e+01
   1.1525152727782555e+01
  -1.4829907260200413e+01
  -2.5221989727971575e+01
  -8.0776088874952343e+00
   1.7905297293000242e+01
   2.4274825052505928e+01
   4.5342386990414845e+00
  -2.0319779276494412e+01
  -2.3068495663614932e+01
  -6.6098835306894232e-01
   2.1956272961679012e+01
   2.1028971553556055e+01
  -3.0391034482967636e+00
  -2.3686109558059002e+01
  -1.8600524851858527e+01
   6.5600586743977392e+00
   2.4773267938798089e+01
   1.5768757146742963e+01
  -1.0369483174760205e+01
  -2.5143662293454053e+01
  -1.2858687099000200e+01
   1.3371822749110178e+01
   2.4960850320771225e+01
   9.4883843700591335e+00
  -1.6576351851161295e+01
  -2.4561049186275611e+01
  -6.0904536238948292e+00
   1.8979967518314456e+01
   2.3423718298385904e+01
   2.4452040148979428e+00
  -2.1287254609600037e+01
  -2.1835313823065679e+01
   1.3958609896283314e+00
   2.3106536121347872e+01
   1.9689641214996460e+01
  -5.1332826930071915e+00
  -2.4465945741883264e+01
  -1.7183670184296233e+01
   8.6244311970413818e+00
   2.5225134785299602e+01
   1.4388615790491865e+01
  -1.2120443261421457e+01
  -2.5293655044708292e+01
  -1.1099853195102085e+01
   1.5319842421939923e+01
   2.4997421499641383e+01
   7.4828070063683167e+00
  -1.8204654311601566e+01
  -2.4036412642169179e+01
  -3.7750099850507501e+00
   2.0580163680064739e+01
   2.2776229347172524e+01
   4.0348840610910153e-02
  -2.2643560306353478e+01
  -2.0659299079793382e+01
   3.9755721347895201e+00
   2.4084951138734283e+01
   1.8080336896188207e+01
  -7.2468234724466773e+00
  -2.4894139836679130e+01
  -1.5320918541931745e+01
   1.0912908801936220e+01
   2.5316296052771705e+01
   1.2258080944632264e+01
  -1.4079769588649798e+01
  -2.4902614999244410e+01
  -8.7543564710049449e+00
   1.6950317541844079e+01
   2.4188366981778191e+01
   5.1948985254482274e+00
  -1.9540537217703349e+01
  -2.3031420935133294e+01
  -1.5667929227891746e+00
   2.1702946961910442e+01
   2.1347288020965237e+01
  -2.0487879964172309e+00
  -2.3272947014037825e+01
  -1.9191763229817948e+01
   5.8098191144660483e+00
   2.4538118963047129e+01
   1.6820970373184473e+01
  -9.3355155446810905e+00
  -2.5175142852033201e+01
  -1.3913477518224076e+01
   1.2626474842374789e+01
   2.5515192726092938e+01
   1.0492008751510616e+01
  -1.5652207756634276e+01
  -2.4951201981069211e+01
  -6.9385891176576875e+00
   1.8606405903715601e+01
   2.4137586225005606e+01
   3.3146683623549653e+00
  -2.1080879606694594e+01
  -2.2399810563490114e+01
   7.6431686241920693e-01
   2.2895937386258471e+01
   2.0171479801584375e+01
  -4.4903723411237113e+00
  -2.4282482433911191e+01
  -1.7806406906307657e+01
   8.0155105115365277e+00
   2.4960379046600639e+01
   1.4665261688480667e+01
  -1.1676324932438986e+01
  -2.5291618430308493e+01
  -1.1628001733450288e+01
   1.4745880162895588e+01
   2.4975790152852053e+01
   8.0049382805785640e+00
  -1.7595442546721376e+01
  -2.4194002699301091e+01
  -4.5554813081591057e+00
   2.0073020724889204e+01
   2.2762800142130786e+01
   7.1533113323227204e-01
  -2.2014445152525781e+01
  -2.0999772424189100e+01
   2.7809368519047877e+00
   2.3658350832139075e+01
   1.8801616202353632e+01
  -6.4879904110277948e+00
  -2.4750276011618315e+01
  -1.5926463500205742e+01
   1.0065484891812382e+01
   2.4911273716634483e+01
   1.3144238126301975e+01
  -1.3363115774868323e+01
  -2.5142692212905995e+01
  -9.5869150853188252e+00
   1.6322507890987186e+01
   2.4674626394499384e+01
   6.0612959174062278e+00
  -1.9193857216410859e+01
  -2.3611257844996985e+01
  -2.4898579337041125e+00
   2.1384243333759329e+01
   2.1864809273420605e+01
  -1.4836123429600381e+00
  -2.3338357706286313e+01
  -1.9736541658990593e+01
   5.1750389551344522e+00
   2.4444056132321951e+01
   1.7328670868856154e+01
  -8.7312217708865862e+00
  -2.5203936542088126e+01
  -1.4166927275858535e+01
   1.2346473020656248e+01
   2.5415132838022004e+01
   1.0911008864795319e+01
  -1.5428173277334849e+01
  -2.4959205351366528e+01
  -7.5607735824649120e+00
   1.8112156024596356e+01
   2.3991078423237614e+01
   3.6859518071010897e+00
  -2.0525414429832288e+01
  -2.2426009122719567e+01
  -1.0101819747092429e-01
   2.2414826145640802e+01
   2.0359281803106896e+01
  -3.6179813585888301e+00
  -2.3839763544805002e+01
  -1.8169200790858540e+01
   7.2452194877515703e+00
   2.4797895453194169e+01
   1.5341467278764075e+01
  -1.0687236985342842e+01
  -2.5148324467197437e+01
  -1.2216127967446205e+01
   1.3833228418076216e+01
   2.5077963057137353e+01
   9.0180066310704294e+00
  -1.6718426737604474e+01
  -2.4391349448268784e+01
  -5.5477755827655546e+00
   1.9437882186594230e+01
   2.3341367762921045e+01
   1.8343598777380541e+00
  -2.1707977304426890e+01
  -2.1533774232347664e+01
   1.9856335657780977e+00
   2.3444242616145399e+01
   1.9376696202808368e+01
  -5.8623597281435345e+00
  -2.4714576203392880e+01
  -1.6938508599324525e+01
   9.5759676372803249e+00
   2.5484200674704510e+01
   1.3569007094939291e+01
  -1.2772361457217542e+01
  -2.5289971942295320e+01
  -1.0438285023016096e+01
   1.5840470104545352e+01
   2.4916707478598134e+01
   6.7984295660675382e+00
  -1.8540562201129902e+01
  -2.3858998762571481e+01
  -2.8734354696526716e+00
   2.1070601946601567e+01
   2.2101742066894751e+01
  -7.3960224256057383e-01
  -2.2857044122055207e+01
  -2.0181222962399964e+01
   4.4820534954228490e+00
   2.4160574136071283e+01
   1.7618646850545051e+01
  -7.9682162153153770e+00
  -2.4920234887244586e+01
  -1.4882225123316964e+01
   1.1374241253992185e+01
   2.5203350398082975e+01
   1.1625480625925203e+01
  -1.4563966535117103e+01
  -2.5074551573555755e+01
  -8.3927300845281181e+00
   1.7487985193303142e+01
   2.4096207762634496e+01
   4.8321209161739249e+00
  -1.9902654201694045e+01
  -2.2794295892938578e+01
  -1.2297155278241654e+00
   2.2030084588634868e+01
   2.1050811742026987e+01
  -2.6643959636339494e+00
  -2.3522050355999735e+01
  -1.8807589789273074e+01
   6.4516861909065977e+00
   2.4731432784842312e+01
   1.5958571350765467e+01
  -9.8899375918210275e+00
  -2.5248835925870157e+01
  -1.3087374834292447e+01
   1.3483431115603077e+01
   2.5236562573757450e+01
   9.5674605544693794e+00
  -1.6502913671039273e+01
  -2.4589998222569847e+01
  -5.9896327420005102e+00
   1.9375917852050797e+01
   2.3567165078856021e+01
   2.1729946422528705e+00
  -2.1519379181991383e+01
  -2.1755904283930111e+01
   1.3505795376682330e+00
   2.3165319968654952e+01
   1.9547673172623533e+01
  -5.0007193557618148e+00
  -2.4336696547420235e+01
  -1.7019446751565237e+01
   8.5456170648731895e+00
   2.4931926641091614e+01
   1.4041240290516441e+01
  -1.2005236222425559e+01
  -2.5045333809158876e+01
  -1.0951475794778045e+01
   1.5192104792277130e+01
   2.4789061399225332e+01
   7.5158795484067173e+00
  -1.7991918550713383e+01
  -2.4031616228524047e+01
  -3.9095586512132554e+00
   2.0396796480913927e+01
   2.2627101658913521e+01
   2.9252815939382343e-01
  -2.2255335684486862e+01
  -2.0742993589987801e+01
   3.4256469499811897e+00
   2.3881219549648108e+01
   1.8360672583805691e+01
  -7.1397344021508600e+00
  -2.5048122292964049e+01
  -1.5665060155885373e+01
   1.0694358578115477e+01
   2.5270518381320514e+01
   1.2310022876496008e+01
  -1.4043841791018691e+01
  -2.5227500361352998e+01
  -8.9440739291436522e+00
   1.6903590122147396e+01
   2.4534361868320286e+01
   5.3309221208181601e+00
  -1.9782633092438545e+01
  -2.3254539889893842e+01
  -1.4079671586764038e+00
   2.1842773278516685e+01
   2.1577601891807063e+01
  -2.0722504679172888e+00
  -2.3528991480706928e+01
  -1.9004808135419129e+01
   5.8324667576609430e+00
   2.4584525237921440e+01
   1.6397698382643814e+01
  -9.5423340095180134e+00
  -2.5148478282969403e+01
  -1.3452897700303815e+01
   1.2937649353614987e+01
   2.5104089773983464e+01
   1.0379417991970774e+01
  -1.5851160977809098e+01
  -2.4722255601342901e+01
  -6.6958757157047852e+00
   1.8622860554981859e+01
   2.3678676763721505e+01
   3.0289954429180677e+00
  -2.0753741557233614e+01
  -2.2007074671046897e+01
   5.4176352919930659e-01
   2.2770385651064885e+01
   2.0213019961523784e+01
  -4.3325414083861427e+00
  -2.3991037030253793e+01
  -1.7810824067044358e+01
   7.6646681139771706e+00
   2.5124534180310341e+01
   1.5032883664811768e+01
  -1.1297307948197698e+01
  -2.5299613647977040e+01
  -1.1662339376585319e+01
   1.4717463876859789e+01
   2.5151987211340234e+01
   8.2981194363445461e+00
  -1.7667072890713040e+01
  -2.4302291598823643e+01
  -4.5727349402636577e+00
   2.0200287092370370e+01
   2.2975977580544154e+01
   8.0839098695953471e-01
  -2.2203720877657542e+01
  -2.1086645572923661e+01
   2.9986143110273562e+00
   2.3967149723983006e+01
   1.8878381741671763e+01
  -6.7471673103741345e+00
  -2.4907857585081210e+01
  -1.5957249883426247e+01
   1.0267305494723002e+01
   2.5122833431549676e+01
   1.2756538002939784e+01
  -1.3585896870144108e+01
  -2.5318620725860544e+01
  -9.5434130811335240e+00
   1.6424464550466457e+01
   2.4453761168485098e+01
   5.8557091573051574e+00
  -1.8966335236485165e+01
  -2.3368314922111590e+01
  -2.5021988847317300e+00
   2.1067073184728127e+01
   2.1577104978876289e+01
  -1.1906062744271071e+00
  -2.2840875600732929e+01
  -1.9699837771263550e+01
   5.0073029434946204e+00
   2.4245252962083427e+01
   1.7224750503636333e+01
  -8.5208007261296590e+00
  -2.4933035282852536e+01
  -1.4397801822154433e+01
   1.1889011425842542e+01
   2.5331799252574989e+01
   1.1114253420477858e+01
  -1.5124893225905209e+01
  -2.4916770162436858e+01
  -7.6778795393257457e+00
   1.8051768330285288e+01
   2.4251202908521307e+01
   4.1127998610619789e+00
  -2.0733711547361299e+01
  -2.2722640157529966e+01
  -1.9624462103622239e-01
   2.2457159800497603e+01
   2.0702168684239453e+01
  -3.7297625575745141e+00
  -2.4195672648938576e+01
  -1.8351741828290290e+01
